Convolution Neural Network
--------------------------
Convolution: 2D Discrete Case
-----------------------------
f  = [1 2 1]
     [2 1 1]
     [1 1 1]
g' = [  1 0.5]
     [0.5   1]
h  = [  1 0.5]
     [0.5 1*1 2 1]
           [2 1 1]
           [1 1 1]
   = [1 2 1]
     [2 1 1]
     [1 1 1]
   = 1

h  = [    1 0.5]
     [0.5*1 1*2 1]
           [2 1 1]
           [1 1 1]
   = [0.5 2 1] 
     [  2 1 1]
     [  1 1 1]
   = 2.5
h  =          [ 1 0.5]
           [1 0.5*2 1*1]
           [2 1 1]
           [1 1 1]
   = [  1 1 1] 
     [  2 1 1]
     [  1 1 1]
   = 3
h  = [0.5 2 1]
     [  2 1 1]
     [  1 1 1]
   = 3.5
h  = [1 1 1]
     [1 1 1]
     [1 1 1]
   = 3
h = [1   2 0.5]
    [2 0.5   1]
    [1   1   1]
  = 2.5
h = []